pred_idx
4
6
11
18
21
28
37
67
72
102
110
112
130
138
149
154
162
167
174
179
182
186
192
200
206
211
214
217
226
230
236
238
254
258
266
278
291
296
301
318
320
324
330
335
345
350
358
364
366
376
383
388
398
402
406
414
434
446
448
453
460
466
474
491
506
514
519
521
524
530
534
540
548
568
578
582
587
593
606
610
618
622
626
634
641
656
658
668
672
674
680
682
686
690
693
696
708
