pred_idx
5
11
18
23
37
44
62
68
74
95
100
104
132
153
167
179
186
228
237
259
291
317
331
336
345
379
384
389
393
399
407
434
443
447
460
474
492
497
506
514
521
534
561
569
587
600
606
619
628
635
642
647
668
673
677
681
687
692
717
