pred_idx
1
5
8
10
18
23
25
29
37
44
47
54
56
62
68
72
74
76
82
85
94
101
104
110
112
120
122
130
132
134
139
145
149
153
155
163
167
169
174
179
181
183
186
193
200
206
214
217
228
233
235
237
239
249
251
253
257
259
261
266
272
278
285
288
291
293
295
297
302
310
317
320
326
331
334
336
342
345
347
350
353
358
366
372
378
384
387
389
391
396
399
401
403
407
413
415
422
429
434
438
440
443
445
447
453
460
462
466
474
481
485
492
495
497
506
510
514
516
518
521
523
529
532
534
541
558
561
563
566
568
574
578
583
587
600
606
608
614
619
622
628
635
642
645
647
654
657
660
662
664
666
668
671
673
675
677
681
683
686
690
692
694
697
717
