gt_idx
92
282
654
721
734
735
736
743
